2332997000
2332172539
2332172791
2332991118
2332994860
2332169155
2332171711
2332989762
2332171049
2332989564
2332167541
2332170697
2332167001
2332995408
2332997350
2332829640
2332001851
2332826926
2332827898
2332828992
2331979941
2331935529
2332763048
2331937969
2331140027
1677270080
2331881704
2331891988
2331881904
2331062601
2331890216
2330969387
2331675250
2330626309
2331263044
2331225928
2330877752
2329858793
2329756399
2329169551
2329170257
2329171143
2329965396
2329137217
2329137905
2329961942
2329139887
2329786752
2329788222
2328965113
2329787276
2329787810
2328964177
2328963695
2329786516
2329715272
2329605128
2329599986
2329600352
2328776517
2328772563
2329598870
2329591650
2328671561
2328669665
2328664905
2328666693
2328667623
2328668735
2328662935
2329482672
2328455797
2328459393
2329282650
2329271420
2328448103
2328399421
2329224800
2329222362
2328401477
2328398593
2329221632
2328402331
2328396171
2329210542
2329203310
2328382047
2328388001
2328389499
2328383553
2328391523
2329212706
2328385121
2328380917
2329215420
2328385891
2329214630
2329213864
2328397729
2329208280
2328387099
2329206104
2328382881
2328390243
2329216186
2328395405
2328396941
2329201616
2328376881
2328377385
2328378553
2329202236
2329201050
2328377903
2329182900
2328354017
2328360919
2329172408
2328352365
2328352903
2328364297
2329176496
2329171854
2328358967
2328361979
2328359979
2328358411
2328353485
2328350129
2329179196
2329175948
2328337663
2329173096
2328357185
2328340865
2328346287
2329165840
2328343489
2328341965
2329162488
2328345279
2329164104
2329163538
2329165208
2328345765
2328143477
2328962982
2328143293
2328959404
2328804530
2327985379
2327795583
2328610956
2327793237
2327796545
2328611874
2328575080
2327752447
2328515308
2327599583
2327602507
2328419610
2255299867
2255253673
2255187091
2255186061
2255982766
2255968014
2255957994
2255177915
2255178817
2255965872
2255164771
2255176477
2255971468
2255973672
2255981666
2255163525
2255169611
2255170647
2255171511
2255157549
2255963550
2255972300
2255172303
2255182973
2255964154
2255956538
2255161985
2255165051
2255178901
2255175151
2255170069
2255179689
2255965190
2255979092
2255177383
2255163615
2255180395
2255929774
2255153631
2255936018
2255135887
2255131407
2255141121
2255150601
2255143465
2255953626
2255933342
2255937418
2255936594
2255147889
2255143183
2255137833
2255941548
2255944474
2255133661
2255949376
2255149711
2255940116
2255133127
2255136713
2255134341
2255932450
2255144351
2255144815
2255950070
2255939212
2255154623
2255943158
2255107685
2255107051
2255914552
2255927628
2255119975
2255913024
2255918168
2255919106
2255124331
2255902182
2255121161
2255903052
2255915660
2255118717
2255908484
2255128823
2255124999
2255924340
2255122627
2255128113
2255113533
2255113459
2255902590
2255112773
2255913442
2255108607
2255920560
2255106385
2255909514
2255923116
2255925040
2255127547
2255110443
2255109571
2255114917
2255129563
2255911702
2255126507
2255116565
2255119685
2255122147
2255123641
2255916770
2255101601
2255096457
2255899774
2255095913
2255104205
2255101209
2255097609
2255898006
2255901070
2255079227
2255096619
2255103095
2255104191
2255896562
2255052025
2255836624
2255802032
2255002335
2255010261
2254998091
2255804700
2255001703
2255805748
2255798196
2255698436
2254857555
2255663962
