2317795309
2317790843
2318599884
2317787233
2318596900
2317792789
2282930945
2278236266
2274968685
2263161375
2259951651
2258828634
2258835430
2254983611
2255777582
2254975773
2250982394
2249345685
2248671608
2242884086
2206103716
2193541976
2183587924
2160381072
2160379706
2159581687
2156208522
2143523525
2134414980
2127878524
2112966119
2075921402
2069901231
2069900747
2070696108
2069898479
2069904503
2069899919
2070697302
2067451414
2067450936
2049870621
2038678438
2024056381
1932512452
1931706563
1820502806
1544592221
1436138513
1429941714
1429059723
1429945256
1429937890
931830574
819073202
819075066
819074146
818194631
817999259
736091638
722451763
606838480
606691927
517636118
485826201
481797494
481690628
450566574
449743942
433447903
430782720
393505037
384434603
370216748
365601520
365603774
365601985
365603255
365603414
365601802
365603562
365603880
365603007
365602470
365601681
365601058
365603984
365604118
365602298
365602906
365601333
365603144
364656532
361966310
347024026
347024853
334828147
331193088
331193085
326358343
302341471
258789796
232285519
222301080
220559916
