2331058811
2331749502
2330488627
2331046728
2330218447
2331040878
2331043054
2331033966
2331035790
2330206629
2330211697
2331030712
2330199437
2331028928
2330197339
2330201053
2329815819
2330535020
2329708287
2329706167
2330534518
2176060335
2329545515
2329599138
2329599346
2328368479
2328303243
2328966890
2327966867
2327924169
2327827133
2328645414
2328644190
2328483678
2328485846
2328189190
2327374493
2327996078
2327994698
2327176355
2327128951
2326817497
2326682349
2326271597
2327029012
2325986545
2325839831
2326511602
2326377388
2325561933
2325557659
2326378426
2326382010
2326376444
2325556677
2325560093
2326377864
2325560773
2326381512
2326380428
2326374462
2325554585
2326375046
2325299289
2325289297
2325283391
2325287505
2325293025
2325275573
2325274439
2325631728
2325281738
2324444975
2324442851
2324444171
2325261800
2324183667
2325010772
2324192519
2325009318
2324185127
2324188451
2324186721
2323860359
2324635270
2323086757
2323086771
2323086749
2323086791
2322464441
2322059885
2321779819
2321722215
2321695049
2322522978
2321687239
2322495376
2322448988
2200316440
2199502465
2199513765
2199511367
2200299216
2200301068
2200292478
2199500557
2199509161
2199496163
2200279274
2199486725
2199484145
2200276384
2200273992
2200254106
2200264486
2199466917
2200256240
2199464687
2199473121
2200272116
2199475637
2199468791
2200249206
2200238422
2200244250
2200240576
2199442487
2200246492
2199448369
2199457789
2199428861
2199433555
2200225440
2199440325
2199424189
2199436067
2199427063
2199438307
2199405479
2200216482
2199420285
2199411003
2199407887
2200212336
2200193760
2200182078
2199386309
2199403639
2200177458
2199380307
2199382519
2199293101
2199239475
2199189503
2199981968
2199776318
2199776656
2198978667
2199760690
2198979223
2198966297
2199710748
2199712158
2198661277
2199452846
2199454324
2199452914
2198532043
2199318292
2198529261
2198534179
2198533139
2199317134
2198531217
2199320678
2198515725
2199314456
2198519563
2199304980
2198516857
2198518235
2198521539
2199311302
2199315684
2199313456
2199298266
2198512897
2198511207
2199295828
2199293446
2198504011
2198509715
2199297054
2199292444
2198508439
2199290302
2198498447
2199291342
2199100248
2198309855
2198191815
2198666976
2198667366
2198668334
2198669124
2198665678
2198306784
2197491333
2197491533
2197065089
2196804467
2196791997
2196778375
2196667875
2196281185
2196167399
2196954768
2196063651
2196068465
2196854934
2196849802
2196842208
2196056237
2196058527
2196048117
2196834950
2196050159
2196043441
2196830014
2196030169
2196814668
2196825468
2196827812
2196821834
2196023415
2196816978
2196807718
2196008609
2196803470
2196011201
2196810494
2196005933
2196791048
2195998879
2196785274
2195984351
2196777428
2195991781
2196783206
2195986799
2195977557
2196761264
2196754848
2195967649
2195964701
2196769756
2196763894
2195970051
2196745030
2195950885
2195962345
2195953429
2196749108
2196738768
2195958701
2195948929
2195607117
2195671832
2194688137
2194555267
2195334828
2194549209
2195339284
2194553585
2194557125
2194515935
2195038562
2194399158
2194110200
2194055324
2193268953
2194057212
2194056376
2194054024
2193046837
2192952275
2199518921
2200316440
2199502465
2199513765
2199511367
2200299216
2200301068
2200292478
2199500557
2199509161
2199496163
2200279274
2199486725
2199484145
