2332106923
2332083945
2332080137
2332020663
2332021769
2332843768
2331838869
2332467106
2331624791
2331622963
2331630849
2331636313
2331632471
2331627337
2332448898
2331616789
2331605079
2331611473
2331606419
2332446476
2332429448
2332430904
2331604133
2331547481
2331410283
2331408383
2331407513
2332236760
2331406495
2331145349
2331003745
2330639989
2330636763
2331454332
2331263044
2330285145
2330175895
2330997800
2330172503
2330997182
2330143465
2330139479
2330963122
2330911288
2330784548
2330525298
2329414311
2330239324
2329415253
2329411377
2329415861
2329415473
2329415103
2330238808
2329414811
2330240584
2329414139
2330225892
2330225908
2330225902
2329965396
2329139887
2329005575
2329828414
2329005073
2328935033
2329757558
2329652298
2329649508
2329440702
2328022459
2327653411
2328363240
2328363018
2328362556
2327471099
2327472757
2328099454
2327038071
2327040863
2327043703
2327046675
2327034505
2327033281
2326968239
2326970133
2327783462
2326971625
2327781226
2327771344
2327771688
2326953259
2326954433
2327754554
2326921381
2326926247
2326936785
2326933689
2326919989
2326917597
2326817813
2068414835
2069222190
2140062383
2326180189
2326741658
2326740584
2326742230
2326419414
2326292758
2325470053
2325676992
2325676316
2325675954
2324466903
2325127098
2251383295
2251293805
2251120419
2251120603
2251916882
2251917542
2251889648
2251889662
2251893734
2251819922
2250888439
2250889897
2251678774
2251680580
2251677720
2250880111
2251682570
2250878571
2251681824
2251679988
2251679348
2250881067
2250885643
2250866043
2250866635
2250868075
2250867253
2251660944
2251660346
2250842773
2250841919
2251633974
2250840773
2250845047
2250840137
2251634770
2251631782
2251632830
2251638600
2250835305
2251544898
2250676183
2251470384
2251470200
2250676273
2251276002
2251278506
2250484215
2250478037
2251191274
2251191258
2251191266
2251191262
2251191280
2250931844
2249880401
2249880575
2249588229
2249561071
2249498469
2249498473
2249498483
2249498467
2249498465
2250127778
2249310543
2249914664
2249897790
2249796986
2249771494
2248978893
2248979859
2249773588
2249772000
2249772840
2249653990
2249651906
2248858401
2248756017
2249334560
2249273048
2249279196
2248482839
2248335005
2248335009
2248335007
2248335017
2248253217
2248243063
2249032670
2248248425
2248233819
2248903600
2248799940
2247820191
2247773255
2247494685
2247404715
2247147813
2247124727
2247123977
2247922090
2247919908
2247921098
2247123445
2247918008
2247123179
2246943333
2246906097
2247695230
2246547637
2247205896
2246378551
2251383295
2251293805
2251120419
2251120603
2251916882
2251917542
2251889648
2251889662
2251893734
2251819922
2250888439
2250889897
2251678774
2251680580
2251677720
2250880111
2251682570
2250878571
2251681824
2251679988
2251679348
2250881067
2250885643
2250866043
2250866635
2250868075
2250867253
2251660944
2251660346
2250842773
2250841919
2251633974
2250840773
2250845047
2250840137
2251634770
2251631782
2251632830
2251638600
2250835305
2251544898
2250676183
2251470384
2251470200
2250676273
2251276002
2251278506
2250484215
2250478037
2251191274
2251191258
2251191266
2251191262
2251191280
2250931844
2249880401
2249880575
2249588229
2249561071
2249498469
2249498473
2249498483
2249498467
2249498465
2250127778
2249310543
2249914664
2249897790
2249796986
2249771494
2248978893
