2309329219
2310134834
2309329017
2310134760
2310134918
2310134672
2309329293
2310134964
2309931648
2309127755
2309932208
2308925561
2308587887
2308218219
1849585992
2308055323
2308068067
2308062241
2307961497
2307384985
2307359597
2307112157
2307096009
2307098631
2307809846
2306965971
2306967483
2306944671
2306888465
2306882113
2307615244
2307611756
2306706011
2306537507
2306537713
2307339152
2307339012
2306537567
2307197394
2306389605
2306381889
2306372271
2306353143
2307164178
2306289117
2305635687
2305481411
2306094844
2306097420
2305246931
2305764874
2304948783
2305463282
2305477616
2305482710
2305468840
2304641221
2304663551
2304655375
2305437726
2305446750
2304656449
2304645399
2304659479
2304658115
2304651625
2304614705
2304633427
2305422582
2304618965
2305384072
2305400780
2305387312
2304595283
2304610783
2305382064
2305350118
2304409609
2304281173
2304286867
2304959652
2304135503
2304931756
2304741276
2304744466
2304509460
2303705243
2303708017
2303707485
2303706763
2304440222
2303599265
2304376256
2303575833
2303576065
2303575929
2304376390
2303576201
2303575685
2304377460
2303576375
2304376500
2303502091
2304294430
2304284118
2303202507
2303152825
2302606553
2302583607
2303388026
2303384562
2302592771
2303386214
2302578543
2303369944
2302570643
2303372654
2302567763
2302524847
2302526475
2303331402
2303329362
2302536421
2303324998
2302530979
2302527433
2302518765
2302521499
2303293752
2303273188
2302474017
2303259464
2303246856
2303256328
2303254518
2302461263
2302455809
2303239374
2303237506
2303244770
2302446671
2302444785
2303226706
2303222854
2303206270
2233590483
2233599329
2234387038
2234388680
2233599781
2234378892
2234388032
2234366230
2234366700
2234365844
2233579055
2234367482
2234358932
2233570333
2234356550
2234346368
2233556989
2233556271
2233557389
2234345134
2233558285
2233557779
2233554141
2234347034
2233544239
2233543797
2233543077
2234331822
2233542777
2234300108
2234311744
2234281448
2234274356
2233393145
2234178788
2234165808
2234177390
2234168724
2234166712
2234179260
2234176986
2234169648
2233379989
2233382205
2234179166
2233378175
2233390529
2233391873
2233381341
2233390267
2234167352
2234168346
2233392129
2234155272
2233365241
2234153724
2233365505
2233368049
2233368435
2233366381
2233366953
2233354011
2233355519
2233354933
2234143388
2233356301
2233355911
2234142832
2233354363
2234092004
2233287149
2233287353
2234076122
2233099585
2233099367
2233098135
2232815091
2233411568
2232623273
2232624045
2233410860
2232623461
2233411152
2233411678
2233411366
2232484759
2233122900
2233077736
2232269693
2232718966
2231913063
2232703746
2231913177
2231912939
2231912823
2231912711
2231912585
2231703711
2231209589
2231089783
2231089803
2231854814
2231793610
2230952113
2230949393
2230905787
2231644234
2231520820
2230724685
2230730981
2231484792
2230352279
2230284213
2230282019
2231070512
2231054704
2230256691
2230258701
2231053096
2231048076
2230263587
2231041232
2230251409
2231042906
2230246137
2231046194
2230227545
2230224935
2231027532
2230214055
2230207079
2231004812
2230208769
2230210365
2230203603
2230998066
2230983694
2230994862
2230978856
2230176667
2230961874
2230171841
2230960970
2230963396
2230173337
2230174741
2230943948
2230146029
2230148969
2230136015
2230139007
2230137933
2230133967
2230938214
2230936866
