2339633902
2336762609
2337599300
2337596962
2337597864
2337410208
2337408392
2337408968
2336574579
2337407294
2336573039
2335568501
2335520319
2335370109
2335323485
2335559148
2334727493
2335561648
2334725085
2335534150
2334709369
2334714273
2334710597
2335535214
2334711773
2334720237
2334694809
2335528690
2334690395
2331115909
2331112009
2331944836
2331116215
2331942288
2331114469
2331940534
2331932048
2331936386
2331938764
2331104421
2331102197
2330113431
2330939412
2330938156
2330938478
2330112167
2330104979
2330107231
2330928346
2330930966
2330928808
2330930222
2330932498
2330111609
2330929256
2330111129
2330936154
2330107667
2330106481
2330104325
2330105665
2330931718
2330927884
2330923470
2330096205
2330925198
2330093961
2330100261
2330926148
2330097575
2330101977
2330921188
2330095227
2330094793
2330098933
2330923862
2330101285
2330924758
2330922172
2330097133
2330919808
2330812854
2329989355
2329991395
2330817486
2329988473
2330815560
2329986367
2329993177
2329983889
2329120996
2324973865
2325534270
2324450539
2325261024
2324452915
2325275226
2324453943
2324451927
2325264208
2325269318
2325262520
2324446889
2324445217
2324427917
2324429687
2324438133
2325253774
2325252352
2325246416
2324439783
2325251174
2325255072
2324436435
2325148220
2325150292
2324329745
2325149456
2324087507
2190538272
2190541070
2189752423
2189750219
2189748511
2189748351
2189751801
2190536722
2189752257
2189751417
2190537878
2189751569
2190536398
2189749233
2189753503
2190540634
2189751127
2189748875
2190538636
2190537078
2190539982
2190539402
2189748171
2189750023
2189749607
2189640187
2190047914
2188806591
2189520922
2188729927
2188725165
2189519078
2189515342
2189514292
2189416774
2189309830
2188964380
2188962214
2188179273
2188177299
2188961324
2188160013
2188167643
2188949082
2188158941
2188171521
2188166305
2188955860
2188958644
2188161431
2188950662
2188960002
2188169393
2188954178
2188156449
2188941366
2188940604
2188157993
2188696998
2187323247
2188109910
2188104294
2188097370
2187318579
2188102216
2187108965
2187895192
2187717742
2187720110
2187649774
2187307470
2185032083
2185031625
2185614968
2183872763
2184653140
2184651052
2183870791
2184663338
2184644376
2183858569
2184641200
2184638150
2183855297
2184643724
2184642078
2184645072
2184648984
2184311480
2182739397
2183230766
2183223386
2183227486
2183159142
2183160468
2183160774
2183158628
2183158894
2182373641
2183158068
2183159984
2180142274
2179337291
2179326845
2179328381
2180102766
2179310973
2179315683
2179313085
2179298789
2179301773
2179282525
2180073090
2180015390
2179321670
2179067340
2178274061
2178225593
2179020128
2177389754
2175882339
2175326260
2174672348
2173880625
2173804533
2174588456
2173802135
2174591960
2174589206
2173805219
2173806167
2173803187
2174586700
2174586030
2174587476
2173220409
2173225657
2174003682
2172830689
2172830701
2172830715
2172830727
2172729441
2173037908
2173006788
2173031506
2172224143
2173028208
2173025046
2173034814
2172221135
2172230213
2172218207
2172194527
2172200455
2172997826
2172980450
2173003738
2172983280
2173000842
2172995078
2172197459
2172167793
2172182673
2172170961
2172173919
2172185677
2172956532
2172968250
2172179667
2171723551
2171721681
2171725889
2172532650
2171721135
2171722297
2172510082
2171731039
2172513764
2172514374
2172527840
