2321407719
2316232839
2317043690
2316230577
2316234375
2313474428
2313313128
2313293858
2313278860
2252589113
2252583579
2245314707
2229788104
2229001347
2229778148
2229785052
2228990697
2223272555
2223283601
2224069640
2223280567
2224061022
2224058494
2221077173
2221075849
2221866172
2221069751
2217616476
2211987559
2142892271
2039908369
2035335057
2035335061
2035335039
1972105076
1972105068
1972104998
1953068829
1675512415
1675512445
1525821905
1502042486
1409153947
1340180064
1339291781
1323449621
1295763551
1170878287
940118234
940044120
939208577
940024754
939143437
939139705
859882264
846862444
846862416
846862598
838421418
838421404
821793143
822657052
821777955
821731545
705320957
705321519
706195596
705320731
706195848
705321161
705320619
674853945
576421747
575831470
575831452
575831502
575831382
575831438
539809083
539774513
539774465
539774547
538204163
534157980
523471349
523449260
523157655
521878287
497803850
497750530
490722103
490707178
490708546
490719469
490720821
485957529
484712353
484714199
484669806
484701301
484693529
484654482
484692787
484693103
484689387
484664827
484664513
484622420
484627172
484662509
484625348
484663189
484659869
484657395
484626440
484629438
484662845
484620528
484617932
484656005
484621334
484643727
484614284
484645267
484611252
484608108
484643415
484640953
484607040
484606038
484640123
484587260
484588476
484587986
484588788
484621865
484623375
484621275
484622553
484590718
484622121
484621083
484581168
484582476
484617269
484614327
484615321
484611481
484575028
484609899
481157445
473631088
461955780
461955762
459811116
454101220
438864199
435034236
429503540
429504262
429489328
429491006
429491593
429489868
406944529
406946905
406939804
406942178
404035578
395146864
390773114
358688825
354876284
348516764
305615347
298698009
296677601
293908498
292454268
291665633
290835483
287930419
282676307
