2332901942
2331995011
2332787900
2332787310
2331960703
2331904961
2331885627
2331884423
2332711928
2332559764
2331436897
2332265746
2331435723
2332261320
2331410283
2331408383
2331407513
2332236760
2331406495
2332226076
2331393985
2332228538
2332226790
2331397213
2331397377
2332223420
2331397799
2331383967
2332214120
2331381083
2332192542
2331361671
2332199508
2332196176
2332185932
2332182980
2331351605
2331347887
2332172076
2332136034
2332003032
2331105817
2330279427
2331105390
2330905716
2330786754
2329884837
2330634796
2329790033
2329737667
2329702847
2330271242
2330225892
2330225908
2330225902
2330118860
2330100670
2329281685
2329176683
2329185613
2330004594
2330012438
2329163865
2329169137
2329166185
2329982824
2329978748
2329972416
2329977604
2329965954
2329135667
2329129115
2329123327
2329117547
2329111711
2328895133
2328667623
2328668735
2329421470
2328167371
2328989040
2328166139
2328168307
2328164741
2283290714
2283240442
2282416179
2282348865
2283126168
2283125854
2282284425
2282283119
2282286373
2282285413
2282281807
2282239415
2283027738
2283030134
2283029126
2283028758
2283031364
2282242119
2282241115
2282242529
2282982682
2282089137
2282088293
2282087437
2281963625
2282723404
2282723396
2281914949
2281914951
2281914955
2282709670
2281903821
2282693482
2281903589
2282693588
2281831233
2282591318
2281703205
2282098914
2281140237
2281152609
2281934494
2281922344
2281131539
2281133695
2281112119
2281039167
2281038349
2281768510
2280778477
2281558710
2281499948
2280677927
2281455232
2280574971
2280583299
2281370340
2281368202
2281364490
2280571093
2280573543
2281335000
2281322868
2280512091
2280512595
2280509529
2281306342
2280506871
2281295512
2280500535
2280502665
2280461749
2281211600
2280419229
2281216736
2281214152
2280363269
2281147864
2280291517
2281072626
2280239753
2280153485
2280934240
2280928686
2280147695
2280145529
2280140063
2280149743
2280151603
2280141767
2280151669
2280151679
2280926258
2280051845
2279968437
2280708412
2280686488
2280688454
2280653776
2280654470
2280632046
2279824243
2280615618
2279811049
2279824995
2280613548
2279804267
2279798519
2279806123
2280592398
2279803115
2279781653
2280570044
2280579796
2280567726
2279782395
2279779301
2280575842
2280565796
2279783605
2279787609
2279778369
2280565570
2279760643
2280553422
2280563780
2280555042
2279758717
2279768119
2279762209
2279773175
2279769821
2279766597
2279771737
2279753929
2280535976
2279746921
2279755473
2280546390
2280538602
2279750525
2280537560
2280541996
2280513186
2279711603
2280498256
2280497932
2279698673
2280475478
2280491866
2279685181
2279690579
2279688819
2280475950
2280477592
2279699533
2280484254
2279677321
2279679099
2280474386
2280463592
2280473000
2280459224
2280461778
2279666735
2280458334
2279675893
2280469116
2279683625
2279677687
2280459998
2280470978
2280451400
2280439526
2280453040
2280446432
2280454094
2280443130
2279658355
2279660083
2280454752
2279651943
2280444930
2279646685
2280421938
2280428726
2279641077
2279648541
2280432876
2279637677
2279634517
2279636035
2279645005
2280411180
2280407314
2280420212
2279614191
2279622899
2279624413
2279615671
2280416250
2280418116
2279619007
2280392402
2280388420
2279612247
2280400502
2279604347
2280398276
2280384556
2279606413
2279597043
2280390510
2280369432
2279577701
2279589439
