2331759622
2303895447
2291361922
2290571789
2286148695
2286127619
2283950439
2283949829
2284743900
2283956183
2284742672
2283952135
2283951245
2283955145
2284748530
2283953113
2283953813
2284737692
2284733414
2284723740
2284735508
2283943729
2284736976
2283937633
2284721422
2284720138
2284722484
2283942913
2283939205
2284724804
2283940489
2283944289
2284734834
2284734028
2283947677
2283920093
2284716212
2283924583
2284706002
2283915955
2283913901
2284717638
2283922857
2283918815
2283925243
2283930455
2283921571
2284698430
2283901641
2283900989
2284694352
2284693188
2283906591
2284695558
2283903517
2283905473
2283898539
2284687738
2283900441
2283896297
2284700120
2284701634
2284690592
2284692526
2284691212
2284680962
2284684210
2284680208
2284681800
2283891063
2279616911
2272480343
2273277548
2273279430
2264616672
2264283154
2256132216
2252834953
1028964955
1029814674
1028957129
1028964251
1029821056
1029822798
1028963467
1028958593
1029813848
1028957297
1029812436
1028965537
1029813586
1028966259
1028951849
1029800804
1029799858
1029806204
1028953505
1029809014
1028948621
1028952735
1028946387
1028952997
1028942373
1029800456
1028949099
1029803450
1029803666
1029799670
1028947913
1029805672
1029801108
1028945463
1029804820
1028950775
1029810180
1029805840
1028954973
1028954267
1029804484
1028940939
1029804154
1029801974
1029799998
1029801670
1029796874
1028943503
1029797858
1028943963
1029802520
1029807236
1028953831
1029806518
1029809366
1029808542
1028944089
1029804670
1029797322
1028952465
1029798850
1029798348
1029807398
1029798046
1029804970
1028951641
1029796634
1028951119
1028942021
1029805318
1028941123
1029801396
1029802262
1029806706
1029799504
1029801826
1029797046
1028947023
1028371090
1028371702
1028370046
1028370960
1028371580
1028370480
1027274149
1027273621
1027273915
1027079583
1027079823
1027080013
1027080249
1027080181
1027080613
1027732986
1027733812
1027734080
1027733776
1027733136
1027733294
1027521992
1027521484
1027522176
1027522096
1027522582
1027521856
1026433089
1026434213
1026433705
1026434079
1026433455
1026433479
1026282347
1026282861
1026282011
1026282151
1026282561
1026282215
1026117213
1026117333
1026116013
1026116635
1026115501
1026117061
1021783984
1021785546
1021785980
1021785148
1021786498
1020731633
1020732081
1020731923
1011170231
1012023488
1002471552
1002467736
1001631629
1001609549
1002479954
1001624761
1002464538
1001634839
988192570
973720425
955859797
943926623
915906039
915918271
916750884
916745422
915919649
916748610
916743930
915905595
916749278
915907263
915913755
915917919
915915713
915916955
915919163
915909561
916745110
915907803
915910115
916745986
916759660
916761860
916756526
916763376
915903553
916760654
915911343
916746438
915902875
915913155
915900085
916743438
916758710
916755370
915910673
915912515
915908491
915903981
915909069
916737864
915853611
915886679
915896949
915875173
916698172
916731486
915897697
916699326
915873099
916734010
916722448
915865821
916724060
915881757
915861419
916701034
916716232
916731852
915892121
915882255
915895193
915874561
915866703
916707810
915885683
915861901
915874169
915892545
915866389
916735336
916725590
916709374
915888735
915893757
916708654
915873605
916732752
