2338342061
2338349163
2339189364
2339179750
2338352533
2339154720
2338316193
2338327857
2338334209
2338316079
2338324109
2339164950
2339131500
2338301195
2338311181
2338313401
2339143352
2338291161
2339140364
2338287345
2338284111
2338269939
2338274747
2339114836
2339106966
2339111318
2339107242
2339086564
2339074696
2339090284
2338247953
2338237069
2339050090
2339053150
2339064490
2338233875
2339056808
2339035276
2339037892
2338209433
2338212969
2339040198
2339027908
2338190945
2338163859
2338186299
2338178067
2338174787
2338188521
2339017208
2338181127
2338167121
2338989736
2338986546
2338149591
2338152399
2338995276
2338992666
2338657390
2337437431
2337048855
2337889084
2337042643
2337036889
2337868192
2337047935
2337874176
2337050961
2337045879
2337034871
2337885138
2337878522
2337031131
2337865138
2337877130
2337863832
2337677066
2336374995
2337211312
2337203640
2336366493
2337206558
2336369817
2336373155
2336271111
2337106690
2336271815
2336270855
2336270273
2336271307
2337105016
2336269943
2337104724
2336128477
2335748907
2335586673
2335584559
2335593175
2336424660
2335974316
2335423034
2335426026
2335424374
2334596727
2335425356
2333073353
2333882584
2333879872
2333141512
2333139460
2333134092
2332295635
2331671017
2331668729
2331669399
2331667857
2331670219
2331667105
2331666363
2331234715
2331235969
2331233057
2332056366
2331238359
2332065304
2332057246
2331214645
2331216143
2332046620
2331213865
2332022148
2332024398
2332020108
2331197173
2331189525
2331181661
2331183639
2331186351
2331185103
2331188251
2332001822
2332002334
2331115909
2331112009
2331944836
2331116215
2331942288
2331114469
2331940534
2331932048
2331936386
2331938764
2331104421
2331102197
2329503971
2330328680
2329504093
2330327816
2330327032
2329502411
2329502981
2329503193
2330327372
2329503883
2329503663
2329502749
2268700131
2268697759
2269495604
2269487736
2268702561
2269495314
2268699911
2269498084
2269497514
2268691887
2268695809
2269499534
2268709055
2268698561
2268704339
2269487450
2269484462
2269486246
2269497808
2269490176
2268703251
2268698323
2268696073
2269489876
2269491910
2268691287
2269486538
2269482258
2268692201
2269500964
2268701103
2268705267
2269490654
2269483958
2269481112
2269496204
2268692449
2268697451
2269491486
2269493072
2269498646
2269484232
2268701885
2268709783
2269500428
2269498362
2268689633
2268708241
2268703985
2269494540
2268699389
2268706147
2269481636
2269491660
2268706481
2268691635
2269481916
2268701631
2269496458
2268702305
2268702893
2268690215
2269484972
2268694961
2268698051
2269485738
2268701341
2269488288
2268705099
2268694387
2269494364
2269499224
2269496658
2269485240
2267947745
2268451662
2267078689
2266423948
2266419566
2265628537
2265625293
2265632037
2266418646
2266422092
2266420330
2266416332
2265626177
2265627895
2265634005
2265633173
2266419900
2266426020
2266426358
2265629695
2265624781
2265635763
2265637955
2265632489
2265624167
2265625807
2265636273
2265623297
2266421044
2265623795
2265635307
2266416874
2266418256
2265626667
2266427376
2266410816
2266409310
2265620641
2266408646
2265622837
2265621983
2266035236
2265244603
2266035278
2265244513
2265244555
2266035330
2266035196
2265292444
2265291396
2264498215
2265279414
2265272626
2265276884
2265282004
2265286748
2265283444
2264496947
2265280862
2265273858
