2311094288
2303718551
2304518144
2303709365
2304509460
2303708411
2303714139
2303715099
2303716371
2303708017
2303707485
2303710463
2304513292
2303706763
2304515172
2304515568
2304511056
2304519146
2303711941
2300991302
2300975746
2300182847
2300970170
2300971110
2300181601
2300180693
2300175629
2300966362
2300969246
2299369673
2297017752
2291851553
2292487534
2292484538
2292464358
2291690859
2292463252
2288944973
2288943547
2288775677
2288483107
2288481373
2287770881
2287771405
2288560278
2287002850
2286217183
2287001076
2286215217
2286213207
2283024209
2283811760
2279460080
2279448254
2272869030
2272869042
2272869052
2266903717
2266908169
2266895333
2266899545
2266672606
2265880451
2265877805
2265874979
2264748730
2259670490
2258426849
2235307401
2233708071
2234501404
2234499762
2234486868
2233704185
2233691757
2234482508
2234239246
2233442363
2233444749
2234228204
2233447895
2233936062
2229670520
2228619706
2220223652
328613275
328613306
328613212
328613188
328613241
328613115
328613154
327274439
327272683
327271962
327271256
327271562
327272318
327270928
327270232
330220252
330097365
326743828
325297986
325303409
324962617
321236547
316565644
316527532
316528193
312610644
312611123
312611979
311952879
310854339
310068200
310069660
309242223
309244323
309239526
309237268
306515420
306517913
306514502
306517379
306518334
306516371
306517283
306515224
306514749
306513885
306515669
306514387
306515960
306517521
306518141
306514039
306517638
306516743
306514147
306513618
306517757
306513764
306515303
306513488
306518038
306518237
306514246
306517203
306516107
306515802
306515527
306516923
306516512
306514644
306514942
306515075
306517064
306514846
306516829
306518456
306516656
306516246
306088168
306080810
306085635
306081899
306076048
306039004
306028976
306031991
306024217
306027575
306025998
306022014
305968701
305965629
304525097
303658353
303338246
328613275
328613306
328613212
328613188
328613241
328613115
328613154
327274439
327272683
327271962
327271256
327271562
327272318
327270928
327270232
330220252
330097365
326743828
325297986
325303409
324962617
321236547
316565644
316527532
316528193
312610644
312611123
312611979
311952879
310854339
310068200
310069660
309242223
309244323
309239526
309237268
306515420
306517913
306514502
306517379
306518334
306516371
306517283
306515224
306514749
306513885
306515669
306514387
306515960
306517521
306518141
306514039
306517638
306516743
306514147
306513618
306517757
306513764
306515303
306513488
306518038
306514246
306518237
306517203
306516107
306515802
306515527
306516512
306516923
306514644
306514942
306515075
306517064
306514846
306516829
306518456
306516656
306516246
306088168
306080810
306085635
306081899
306076048
306039004
306028976
306031991
306024217
306027575
306025998
306022014
305968701
305965629
304525097
303658353
303338246
328613275
328613306
328613212
328613188
328613241
328613115
328613154
327274439
327272683
327271962
327271256
327271562
327272318
327270928
327270232
330220252
330097365
326743828
325297986
325303409
324962617
321236547
316565644
316527532
316528193
