2260134094
2168438869
2121515896
2106238314
2105459783
2106239652
2105460215
2105454659
2105456233
2106236170
2106237418
2062568842
2062566126
2062561012
2061773557
2062565024
2062560118
2062567472
2062571446
2061769081
2062550412
2061761895
2061728405
2061723589
2062501340
2061716007
2061708385
2062508668
2062494478
2053127045
2051585448
2050788211
2051563422
2050761855
2051502476
2050709579
2051475132
2050684743
2051472148
2051460836
2048640886
2047855363
2047853127
2047840729
2047835221
2047719841
2048503204
2047717707
2040676214
1960811553
1570540940
1468745405
1336937746
1336893184
1336000161
1336000773
1336911970
1336006737
1336911356
1336030695
1260805901
1261064348
1152883827
1075747723
885501969
886361142
885508513
886313530
885477779
885487395
876074455
876923036
876087181
876921662
876076185
863757325
863765249
863788813
863746031
864599220
863718764
857336296
857334254
850409891
850411651
850415381
850379501
850408443
850395265
851263434
843893433
843903795
843886101
835911347
835903983
828071846
828099044
828078050
827227491
827222443
827197661
827192633
827200753
827204367
767567739
768435162
767566175
747037528
727580733
727574005
688252316
688217804
581104925
557900072
557896360
558155483
541304600
541413211
541413141
541411771
541293396
541401063
541293490
538958714
521040768
521074895
521040532
521041190
521074191
521074475
521040922
521075127
521075233
521076649
521061435
521025922
521057281
521056657
521058131
521023892
521055053
521055569
521020944
521020670
521022530
521054701
521023018
521056853
520407379
519456211
519458519
519457865
519458259
519458449
519429944
519457961
519428112
519456557
519035246
519032506
519032296
519061751
519032946
519034912
518235518
518271805
518269407
518234760
518238720
511361673
511357967
511355413
511344937
511322358
511323264
511318570
511315598
511231742
508405544
508435641
508407002
508429981
508430515
508401906
