2340629390
2339795855
2339407232
2339138724
2339114016
2337586585
2337437431
2338206308
2336628352
2335737517
2336363264
2335290433
2335861756
2335747920
2333696233
2333635463
2333638461
2334324736
2332815127
2332814241
2332655459
2332655439
2332655467
2332655441
2332655447
2332655455
2332592467
2333116460
2332262779
2331526419
2330609223
2330467227
2330155439
2330804220
2329734529
2330558468
2330561166
2329962554
2329937570
2329241350
2328126807
2328021073
2328112690
2327182595
2327797420
2326559201
2326919120
2325759137
2325540061
2326292148
2325270549
2325610908
2325607148
2324809768
2323204057
2323541756
2321983139
2321387953
2321950932
2321885438
2321721036
2321601386
2320241083
2320238869
2320236347
2321040148
2320229625
2320165202
2320111770
2319786358
2318930523
2319740944
2319741132
2318930697
2319298420
2318412223
2314581863
2318701936
2317325695
2317267071
2316734923
2316734479
2317542524
2317103604
2315329727
2316018708
2315314162
2314505049
2315310770
2314501221
2314496479
2314449785
2314423597
2314374629
2315061094
2315058674
2314248289
2314161061
2314971666
2313883286
2313049237
2312585091
2313293256
2313295152
2312477769
2313282500
2312479211
2312476259
2313284180
2313291684
2312480809
2312022579
2312599132
2311366635
2312177368
2310874147
2311648470
2310729899
2311342206
2309702147
2310437522
2309629799
2310439428
2310433972
2309623071
2309053564
2308062241
2305589901
2304221939
2304983640
2304985942
2304182913
2303575619
2303895254
2303895252
2303202898
2302883430
2302537816
2301728663
2302282828
2300698325
2300573513
2300309271
2300919364
2300916328
2300823244
2299855697
2299611545
2298836409
2299163600
2297983199
2297210935
1307747536
1306858379
1306859977
1307737294
1306851715
1306861729
1307733732
1307739006
1305747269
1306539362
1306062306
1305090005
1305081451
1305114627
1305097765
1305129183
1306002864
1305073007
1305106047
1305048129
1305925460
1305203752
1302420607
1302179987
1302427790
1300829092
1300812886
1299681049
1299573259
1296654740
1296614730
1296619214
1295236473
1295219865
1295212277
1295253037
1295205143
1296114938
1296098624
1295148285
1296033712
1295183385
1295155353
1295176111
1296010362
1295131071
1295097183
1295120883
1295086075
1295978400
1295669036
1293518189
1294378158
1294372264
1294363532
1390693959
1290964345
1289342750
1287512129
1287519043
1286978179
1287617594
1286664881
1286657347
1282171558
1281314861
1279682309
1278809818
1275601940
1272491189
1271785880
1270933879
1271803922
1271168858
1271172480
1270295581
1271165982
1269910239
1269918693
1269798993
1269786161
1269779295
1270655586
1270569494
1270475352
1269543495
1270417986
1269487131
1269494871
1269259887
1270129160
1270136538
1270073812
1269252123
1269131839
1269931312
1269821534
1268968835
1269838614
1268947171
1269632270
1263574593
1262231313
1263049330
1261011618
1259259463
1256550813
1257413128
1257411890
1256549837
1256548283
1254505125
1254810304
1254815856
1252565325
1251371301
1251371371
1251280799
1251295151
1252113302
1252088514
1251266495
1252120196
1251237585
1251246247
1250905773
1251710098
1251702832
1251717022
1250818277
1251669730
1250802369
1250834887
1250826795
1248743507
1247944784
1247741648
1246884457
1247729376
1246759835
1245116806
1245121204
1243550777
1244085352
1243235431
1243220701
1243982064
1243116589
