2309906650
2309086508
2308955626
2308782688
2307956241
2308724324
2307905179
2307488713
2306822774
2306819642
2306817422
2306820834
2306015857
2306019149
2306822022
2306016877
2306821680
2306017245
2306820110
2306019367
2306020011
2306021211
2306021819
2306819024
2303841976
2303585702
2301992857
2302796452
2302792766
2301970571
2301978929
2301987969
2302781430
2302764846
2301962847
2301958213
2301953377
2301943583
2302734994
2301948949
2301931287
2300468812
2299679071
2300467626
2300474948
2300472596
2300476564
2299671825
2299675659
2300477738
2300465526
2300400946
2299605931
2299606031
2300400430
2299604669
2300400894
2300400104
2299605783
2300399534
2299606111
2299606163
2300398602
2299605339
2299604423
2300400002
2300398972
2299606379
2300399724
2299603913
2299364903
2298084118
2298079586
2297283473
2297280327
2296751283
2296463277
2295543137
2295759196
2294963285
2294964607
2294941723
2295735678
2295695632
2294902517
2294969624
2294937062
2292032303
2292823964
2291276955
2291276547
2288889090
2288099225
2287855093
2287859957
2287637353
2288374430
2288374294
2286479751
2286185201
2285564505
2285564855
2286351908
2285562355
2285173747
2285962632
2285961170
2285172799
2285173515
2285961784
2285962796
2285961368
2285960762
2285171189
2285172591
2285172095
2285960948
136128227
2284342078
2283552015
2283818842
2283032815
2283818724
2283032689
2283012241
2283011431
2283011943
2283011827
2283011261
2283798702
2283011619
2283011007
2283281012
2282468785
2282469279
2282456187
2283242758
2282455811
2283224562
2282703456
2282702318
2281912997
2281887991
2281875679
2281787709
2281782977
2282579160
2281796363
2281783165
2282571660
2282581368
2282584470
2282582990
2282582408
2282575460
2281781623
2281786755
2282574104
2282578556
2282584122
2281789605
2281791381
2281784801
2281785537
2282583584
2281790161
2281789147
2282577646
2281785859
2282574792
2282571354
2281782583
2278417875
2279208734
2279209160
2278420717
2279210310
2279210076
2279207864
2278419783
2278419147
2279208538
1362724111
1362674873
1362583451
1363386304
1363334346
1361269975
1361930882
1361480906
1360575559
1360300837
1357212113
1356689296
1355798049
1355797189
1355713069
1356576710
1355688813
1355968934
1355046241
1355050389
1355065043
1350836237
1351724738
1351732552
1351727570
1351183460
1351191610
1348563331
1348568053
1348558539
1347948660
1344561759
1345132760
1338670377
1339553436
1339559980
1338519172
1337622075
1338062426
1337092028
1337089868
1337089370
1336206643
1336205539
1336206023
1334752371
1333734833
1331482637
1332383602
1332378876
1329771470
1328236444
1328235716
1326362385
1326360543
1327253608
1327255110
1326356485
1326013425
1325868617
1326152840
1323927964
1323928192
1323730694
1323729498
1323727530
1322631333
1322896194
1322003477
1320144257
1321031122
1320151053
1320141769
1321036518
1321028936
1321030726
1320148177
1321033468
1321025922
1321032614
1321034468
1317951164
1316321575
1314261172
1313422257
1313377909
1313374835
1313425331
1313091124
1312803022
1312802350
1312455826
1311573065
1311170280
1306544919
1305605079
1305604049
1305563205
1306487336
1305604769
1305603641
1306487616
1306412552
1305303817
1305880900
1305613430
1305391676
1304518689
1305409950
1305393786
1305412922
1305417478
1304542475
1305395520
1305405418
1305401448
1304543951
1305406670
